-1
37
31
61
71
63
77
71
41
43
35
-1
122
114
58
50
128
120
64
56
100
92
112
104
58
50
116
52
50
56
114
120
58
112
100
68
132
132
68
58
64
122
128
50
104
92
52
116
74
72
72
74
74
66
66
74
74
66
66
68
76
68
76
70
70
62
68
76
60
68
76
60
70
74
74
66
66
58
58
70
50
50
58
58
50
50
70
74
74
76
64
66
74
76
64
66
74
66
70
74
76
66
74
58
66
74
66
76
64
66
72
74
58
74
76
64
66
72
74
58
74
74
74
74
72
72
74
74
66
66
74
74
66
66
68
76
68
76
70
70
62
68
76
60
68
76
60
70
74
74
66
66
58
58
70
50
50
58
58
50
50
70
70
70
62
62
74
74
58
58
70
50
50
66
66
58
58
74
74
66
66
74
74
70
70
70
70
70
70
70
70
70
74
62
74
62
70
72
70
70
76
76
68
68
60
60
68
68
60
60
70
70
72
72
64
70
62
70
62
72
72
72
64
64
76
56
56
64
64
56
56
76
72
70
70
76
76
68
68
60
60
68
68
60
60
70
70
72
72
64
70
62
70
62
72
72
72
64
64
76
56
56
64
64
56
56
76
74
70
74
70
74
70
74
70
76
72
76
68
72
64
76
72
76
72
76
74
70
74
70
66
62
74
70
74
70
66
62
72
72
64
64
72
72
64
64
76
56
56
76
76
68
68
68
68
60
60
76
76
68
68
60
60
72
52
52
72
72
64
64
76
66
74
66
74
76
76
68
76
72
76
66
74
74
74
70
66
74
74
74
70
76
74
74
76
68
76
58
66
58
66
76
72
66
66
58
58
74
74
66
66
58
58
70
50
50
70
70
62
62
66
66
58
58
74
74
66
66
58
58
70
50
50
70
70
62
62
74
64
72
64
72
74
74
66
74
70
74
64
72
72
72
68
64
72
72
72
68
74
64
72
64
72
74
74
66
66
62
62
74
54
54
70
70
62
62
70
70
70
70
70
70
70
70
74
74
66
66
62
62
74
54
54
70
70
62
62
74
74
70
70
68
68
70
70
68
68
70
70
70
70
70
74
70
74
70
70
68
68
76
76
68
68
74
74
70
70
68
68
76
76
68
68
74
74
76
76
76
76
76
76
76
76
70
70
70
70
76
62
62
60
60
76
76
62
62
60
60
76
76
70
70
76
74
74
76
68
70
76
60
68
76
52
74
76
68
76
76
68
70
76
60
68
76
52
72
76
60
68
60
76
76
72
72
68
76
60
70
64
72
56
68
76
60
70
64
72
56
74
70
72
72
64
72
68
68
76
68
60
68
64
74
66
74
74
74
70
68
76
68
60
68
64
68
76
68
60
68
64
74
74
76
64
72
64
76
64
72
64
72
72
70
70
70
70
76
76
74
58
74
58
60
76
66
62
66
62
62
58
58
58
64
64
74
74
66
66
68
74
70
74
70
70
66
66
66
72
72
50
50
56
56
74
58
74
58
60
76
66
62
66
62
62
58
58
58
64
64
74
74
66
66
68
74
70
74
70
70
66
66
66
72
72
50
50
56
56
76
76
68
76
72
76
76
68
76
72
72
72
72
72
76
70
76
60
68
76
66
68
76
76
70
76
60
68
76
72
60
76
76
72
68
76
70
64
72
68
76
70
64
72
74
70
74
70
72
64
68
60
66
74
74
68
60
68
60
66
74
76
64
72
76
64
72
72
70
70
66
50
66
50
52
68
58
54
58
54
54
50
50
50
56
56
66
66
72
72
74
74
76
74
74
74
58
58
64
64
66
50
66
50
52
68
58
54
58
54
54
50
50
50
56
56
66
66
72
72
74
74
76
74
74
74
58
58
64
64
60
76
76
52
72
60
76
76
52
72
58
66
74
68
56
72
76
64
68
56
72
64
64
62
62
72
72
70
70
